GRID 20x20
1 1 1 1 0 1 1 1 0 1 1 0 1 1 0 1 0 1 1 1
1 1 1 1 0 1 0 1 0 1 1 0 0 1 1 1 0 1 0 1
0 0 0 1 0 1 0 1 0 1 1 0 1 1 0 1 1 1 0 1
1 1 1 1 0 1 0 1 0 1 1 1 0 1 0 1 0 0 0 1
1 0 0 0 0 1 0 1 0 0 1 0 0 1 1 1 0 1 1 1
1 1 1 1 1 1 0 1 0 1 1 0 1 0 0 0 0 1 0 1
0 1 0 0 0 1 0 1 1 1 0 0 0 1 0 1 0 1 0 1
1 1 1 1 1 1 1 1 0 1 0 1 1 1 0 1 1 1 0 1
0 0 1 1 0 0 1 1 1 1 0 1 0 1 0 1 0 1 0 1
1 0 0 0 1 0 1 1 0 0 0 1 0 1 1 1 0 1 0 1
1 1 1 1 1 0 1 1 1 0 1 1 0 1 0 0 0 1 0 1
1 0 0 0 0 0 1 1 1 0 1 0 0 1 0 0 1 1 0 1
1 1 1 1 1 1 0 0 1 0 0 1 0 1 1 1 1 1 0 1
1 1 0 0 0 1 0 1 1 1 1 1 0 0 0 0 0 1 0 1
1 0 1 1 1 1 0 1 1 1 1 1 0 1 1 1 0 0 0 1
1 0 1 1 1 1 0 1 1 1 1 0 0 1 0 1 0 1 1 1
1 0 0 0 0 0 0 1 1 0 0 1 1 1 0 1 0 1 0 0
1 1 1 1 1 1 0 1 0 0 1 1 0 1 0 1 1 1 1 1
1 1 1 1 1 1 1 1 0 1 1 1 0 1 1 1 0 0 0 1
1 1 1 1 1 1 1 1 0 1 1 1 1 1 0 1 1 1 1 1
DIAGONAL euclidean
START 0 0
GOAL 19 11